0,447
0,446
0,445
0,444
0,443
0,442
0,441
0,440
0,439
0,438
0,437
0,436
0,435
0,434
0,433
0,432
0,431
0,430
0,429
42,4
42,3
42,2
0,428
0,427
42,1
42,0
0,426
0,425
41,3
41,2
0,424
41,1
41,0
0,423
0,422
0,421
0,420
0,419
0,418
0,417
0,416
0,415
0,414
0,413
0,412
0,411
0,410
40,4
40,3
40,2
0,409
0,408
40,1
40,0
0,407
0,406
39,3
39,2
0,405
39,1
39,0
0,404
0,278
0,403
0,402
0,401
0,400
0,399
0,398
0,397
0,396
0,395
0,394
0,393
0,392
0,391
0,390
0,273
0,270
38,4
38,3
38,2
38,1
38,0
37,3
37,2
37,1
37,0
0,389
0,388
36,5
0,387
0,386
0,385
36,4
36,3
36,2
36,1
36,0
35,4
35,3
35,2
35,1
35,0
0,384
0,319
0,318
34,4
